Co-ordinates of folder:

ULR = Upper Left r
ULC = Upper Left c

URR = Upper Right r
URC = Upper Right c

LLR = Lower Left r
LLC = Lower Left c

LRR = Lower Right r
LRC = Lower Right c

Im   ULR   ULC     URR   URC     LLR   LLC     LLR   LLC   
01 (     ,     ) (     ,     ) (     ,     ) (     ,     ) 
02 (     ,     ) (     ,     ) (     ,     ) (     ,     ) 
03 (     ,     ) (     ,     ) (     ,     ) (     ,     ) 
04 (     ,     ) (     ,     ) (     ,     ) (     ,     ) 
05 (     ,     ) (     ,     ) (     ,     ) (     ,     ) 
06 (     ,     ) (     ,     ) (     ,     ) (     ,     ) 
07 (     ,     ) (     ,     ) (     ,     ) (     ,     ) 
08 (     ,     ) (   25,  311) (     ,     ) (   43,  391) 
09 (     ,     ) (   64,  288) (     ,     ) (   90,  384) 
10 (     ,     ) (   61,  311) (     ,     ) (   67,  412) 
11 (     ,     ) (   53,  325) (     ,     ) (   42,  429) 
12 (     ,     ) (   37,  334) (     ,     ) (     ,     ) 
13 (     ,     ) (   78,  335) (     ,     ) (   50,  439) 
14 (   46,  314) (  155,  329) (   14,  418) (  136,  436) 
15 (  106,  323) (  222,  322) (   91,  427) (  218,  428) 
16 (  177,  321) (  287,  292) (  312,  391) (  199,  425) 
17 (  226,  319) (  328,  286) (  252,  418) (  360,  381) 
18 (  220,  320) (  324,  311) (  336,  410) (  224,  419) 
19 (  212,  322) (  316,  324) (  198,  422) (  312,  426) 
20 (  208,  312) (  307,  333) (  284,  432) (  177,  406) 
21 (  256,  314) (  360,  333) (  231,  412) (  344,  435) 
22 (  319,  318) (  426,  329) (  308,  419) (  424,  431) 
23 (  382,  324) (  491,  321) (  391,  431) (  508,  423) 
24 (  451,  327) (  555,  297) (  485,  424) (  599,  390) 
25 (  470,  324) (  574,  304) (  493,  422) ( 609*, 396*) 
26 (  466,  326) (  572,  323) (  474,  423) (  589,  419) 
27 (  451,  317) (  560,  332) (  443,  411) (  558,  423) 
28 (  481,  310) (  587,  335) (  459,  402) (  578,  428) 
29 (  547,  310) (     ,     ) (  537,  407) (     ,     ) 
30 (     ,     ) (     ,     ) (     ,     ) (     ,     ) 
31 (     ,     ) (     ,     ) (     ,     ) (     ,     ) 
32 (     ,     ) (     ,     ) (     ,     ) (     ,     ) 
33 (     ,     ) (     ,     ) (     ,     ) (     ,     ) 
34 (     ,     ) (     ,     ) (     ,     ) (     ,     ) 
35 (     ,     ) (     ,     ) (     ,     ) (     ,     ) 
36 (     ,     ) (     ,     ) (     ,     ) (     ,     ) 
